scale = 10;
pi = 3.14159265358979323846264338327950288419716939937510;
c = 299792458;
h = 6.6260689633;
hbar = 1.05457162853;
e = 2.71828182845904523536;

